   1.0053318e-02
   1.9512105e-02
   2.8413947e-02
   3.6277067e-02
   4.2107507e-02
   4.4879203e-02
   4.4792794e-02
   4.3076312e-02
   4.0843105e-02
   3.8737813e-02
   3.7024738e-02
   3.5754283e-02
   3.4884926e-02
   3.4351832e-02
   3.4100282e-02
   3.4100282e-02
   3.4351831e-02
   3.4884926e-02
   3.5754283e-02
   3.7024738e-02
   3.8737813e-02
   4.0843105e-02
   4.3076312e-02
   4.4792794e-02
   4.4879203e-02
   4.2107507e-02
   3.6277067e-02
   2.8413947e-02
   1.9512104e-02
   1.0053317e-02
   1.9512105e-02
   3.8392095e-02
   5.6677554e-02
   7.3397753e-02
   8.6084699e-02
   9.1427448e-02
   9.0026602e-02
   8.5480288e-02
   8.0369234e-02
   7.5894348e-02
   7.2417798e-02
   6.9918406e-02
   6.8244531e-02
   6.7233056e-02
   6.6759952e-02
   6.6759952e-02
   6.7233056e-02
   6.8244531e-02
   6.9918406e-02
   7.2417798e-02
   7.5894348e-02
   8.0369234e-02
   8.5480287e-02
   9.0026602e-02
   9.1427448e-02
   8.6084699e-02
   7.3397752e-02
   5.6677553e-02
   3.8392094e-02
   1.9512104e-02
   2.8413947e-02
   5.6677554e-02
   8.5317358e-02
   1.1336263e-01
   1.3621703e-01
   1.4353023e-01
   1.3721682e-01
   1.2725994e-01
   1.1807013e-01
   1.1086349e-01
   1.0564464e-01
   1.0206795e-01
   9.9752675e-02
   9.8386850e-02
   9.7757457e-02
   9.7757457e-02
   9.8386850e-02
   9.9752675e-02
   1.0206795e-01
   1.0564464e-01
   1.1086349e-01
   1.1807013e-01
   1.2725994e-01
   1.3721682e-01
   1.4353023e-01
   1.3621703e-01
   1.1336263e-01
   8.5317358e-02
   5.6677553e-02
   2.8413947e-02
   3.6277067e-02
   7.3397753e-02
   1.1336263e-01
   1.5732933e-01
   2.0070149e-01
   2.0807056e-01
   1.8686144e-01
   1.6708347e-01
   1.5259881e-01
   1.4265577e-01
   1.3604027e-01
   1.3176702e-01
   1.2912231e-01
   1.2761515e-01
   1.2693651e-01
   1.2693651e-01
   1.2761515e-01
   1.2912231e-01
   1.3176702e-01
   1.3604027e-01
   1.4265577e-01
   1.5259881e-01
   1.6708346e-01
   1.8686144e-01
   2.0807056e-01
   2.0070149e-01
   1.5732933e-01
   1.1336263e-01
   7.3397752e-02
   3.6277067e-02
   4.2107507e-02
   8.6084699e-02
   1.3621703e-01
   2.0070149e-01
   3.0000000e-01
   3.0000000e-01
   2.3388586e-01
   2.0042461e-01
   1.8139681e-01
   1.6993144e-01
   1.6290458e-01
   1.5864850e-01
   1.5616532e-01
   1.5482588e-01
   1.5424785e-01
   1.5424785e-01
   1.5482588e-01
   1.5616532e-01
   1.5864850e-01
   1.6290458e-01
   1.6993144e-01
   1.8139681e-01
   2.0042461e-01
   2.3388586e-01
   3.0000000e-01
   3.0000000e-01
   2.0070149e-01
   1.3621703e-01
   8.6084699e-02
   4.2107507e-02
   4.4879203e-02
   9.1427448e-02
   1.4353023e-01
   2.0807056e-01
   3.0000000e-01
   3.0000000e-01
   2.4706834e-01
   2.1814323e-01
   2.0144334e-01
   1.9157952e-01
   1.8580906e-01
   1.8256803e-01
   1.8087552e-01
   1.8008615e-01
   1.7979211e-01
   1.7979211e-01
   1.8008615e-01
   1.8087552e-01
   1.8256803e-01
   1.8580906e-01
   1.9157952e-01
   2.0144334e-01
   2.1814323e-01
   2.4706834e-01
   3.0000000e-01
   3.0000000e-01
   2.0807056e-01
   1.4353023e-01
   9.1427448e-02
   4.4879203e-02
   4.4792794e-02
   9.0026602e-02
   1.3721682e-01
   1.8686144e-01
   2.3388586e-01
   2.4706834e-01
   2.3505521e-01
   2.2244756e-01
   2.1346475e-01
   2.0794518e-01
   2.0499506e-01
   2.0374997e-01
   2.0349352e-01
   2.0366203e-01
   2.0385326e-01
   2.0385326e-01
   2.0366203e-01
   2.0349352e-01
   2.0374997e-01
   2.0499506e-01
   2.0794518e-01
   2.1346475e-01
   2.2244756e-01
   2.3505521e-01
   2.4706834e-01
   2.3388586e-01
   1.8686144e-01
   1.3721682e-01
   9.0026602e-02
   4.4792794e-02
   4.3076312e-02
   8.5480288e-02
   1.2725994e-01
   1.6708347e-01
   2.0042461e-01
   2.1814323e-01
   2.2244756e-01
   2.2193797e-01
   2.2083386e-01
   2.2055233e-01
   2.2128697e-01
   2.2275420e-01
   2.2449751e-01
   2.2602614e-01
   2.2691658e-01
   2.2691658e-01
   2.2602614e-01
   2.2449751e-01
   2.2275420e-01
   2.2128697e-01
   2.2055233e-01
   2.2083386e-01
   2.2193797e-01
   2.2244756e-01
   2.1814323e-01
   2.0042461e-01
   1.6708346e-01
   1.2725994e-01
   8.5480287e-02
   4.3076312e-02
   4.0843105e-02
   8.0369234e-02
   1.1807013e-01
   1.5259881e-01
   1.8139681e-01
   2.0144334e-01
   2.1346475e-01
   2.2083386e-01
   2.2619132e-01
   2.3095425e-01
   2.3565723e-01
   2.4029329e-01
   2.4452713e-01
   2.4783936e-01
   2.4968128e-01
   2.4968128e-01
   2.4783936e-01
   2.4452713e-01
   2.4029329e-01
   2.3565723e-01
   2.3095425e-01
   2.2619132e-01
   2.2083386e-01
   2.1346475e-01
   2.0144334e-01
   1.8139681e-01
   1.5259881e-01
   1.1807013e-01
   8.0369234e-02
   4.0843105e-02
   3.8737813e-02
   7.5894348e-02
   1.1086349e-01
   1.4265577e-01
   1.6993144e-01
   1.9157952e-01
   2.0794518e-01
   2.2055233e-01
   2.3095425e-01
   2.4022707e-01
   2.4890535e-01
   2.5704553e-01
   2.6428929e-01
   2.6993384e-01
   2.7309883e-01
   2.7309883e-01
   2.6993384e-01
   2.6428929e-01
   2.5704553e-01
   2.4890535e-01
   2.4022707e-01
   2.3095425e-01
   2.2055233e-01
   2.0794518e-01
   1.9157952e-01
   1.6993144e-01
   1.4265577e-01
   1.1086349e-01
   7.5894348e-02
   3.8737813e-02
   3.7024738e-02
   7.2417798e-02
   1.0564464e-01
   1.3604027e-01
   1.6290458e-01
   1.8580906e-01
   2.0499506e-01
   2.2128697e-01
   2.3565723e-01
   2.4890535e-01
   2.6150251e-01
   2.7350514e-01
   2.8446159e-01
   2.9331882e-01
   2.9849231e-01
   2.9849231e-01
   2.9331882e-01
   2.8446159e-01
   2.7350514e-01
   2.6150251e-01
   2.4890535e-01
   2.3565723e-01
   2.2128697e-01
   2.0499506e-01
   1.8580906e-01
   1.6290458e-01
   1.3604027e-01
   1.0564464e-01
   7.2417798e-02
   3.7024738e-02
   3.5754283e-02
   6.9918406e-02
   1.0206795e-01
   1.3176702e-01
   1.5864850e-01
   1.8256803e-01
   2.0374997e-01
   2.2275420e-01
   2.4029329e-01
   2.5704553e-01
   2.7350514e-01
   2.8982186e-01
   3.0554405e-01
   3.1919849e-01
   3.2787021e-01
   3.2787021e-01
   3.1919849e-01
   3.0554405e-01
   2.8982186e-01
   2.7350514e-01
   2.5704553e-01
   2.4029329e-01
   2.2275420e-01
   2.0374997e-01
   1.8256803e-01
   1.5864850e-01
   1.3176702e-01
   1.0206795e-01
   6.9918406e-02
   3.5754283e-02
   3.4884926e-02
   6.8244531e-02
   9.9752675e-02
   1.2912231e-01
   1.5616532e-01
   1.8087552e-01
   2.0349352e-01
   2.2449751e-01
   2.4452713e-01
   2.6428929e-01
   2.8446159e-01
   3.0554405e-01
   3.2750521e-01
   3.4887183e-01
   3.6473077e-01
   3.6473077e-01
   3.4887183e-01
   3.2750521e-01
   3.0554405e-01
   2.8446159e-01
   2.6428929e-01
   2.4452713e-01
   2.2449751e-01
   2.0349352e-01
   1.8087552e-01
   1.5616532e-01
   1.2912231e-01
   9.9752675e-02
   6.8244531e-02
   3.4884926e-02
   3.4351832e-02
   6.7233056e-02
   9.8386850e-02
   1.2761515e-01
   1.5482588e-01
   1.8008615e-01
   2.0366203e-01
   2.2602614e-01
   2.4783936e-01
   2.6993384e-01
   2.9331882e-01
   3.1919849e-01
   3.4887183e-01
   3.8286378e-01
   4.1626120e-01
   4.1626120e-01
   3.8286378e-01
   3.4887183e-01
   3.1919849e-01
   2.9331882e-01
   2.6993384e-01
   2.4783936e-01
   2.2602614e-01
   2.0366203e-01
   1.8008615e-01
   1.5482588e-01
   1.2761515e-01
   9.8386850e-02
   6.7233056e-02
   3.4351831e-02
   3.4100282e-02
   6.6759952e-02
   9.7757457e-02
   1.2693651e-01
   1.5424785e-01
   1.7979211e-01
   2.0385326e-01
   2.2691658e-01
   2.4968128e-01
   2.7309883e-01
   2.9849231e-01
   3.2787021e-01
   3.6473077e-01
   4.1626120e-01
   5.0000000e-01
   5.0000000e-01
   4.1626120e-01
   3.6473077e-01
   3.2787021e-01
   2.9849231e-01
   2.7309883e-01
   2.4968128e-01
   2.2691658e-01
   2.0385326e-01
   1.7979211e-01
   1.5424785e-01
   1.2693651e-01
   9.7757457e-02
   6.6759952e-02
   3.4100282e-02
   3.4100282e-02
   6.6759952e-02
   9.7757457e-02
   1.2693651e-01
   1.5424785e-01
   1.7979211e-01
   2.0385326e-01
   2.2691658e-01
   2.4968128e-01
   2.7309883e-01
   2.9849231e-01
   3.2787021e-01
   3.6473077e-01
   4.1626120e-01
   5.0000000e-01
   5.0000000e-01
   4.1626120e-01
   3.6473077e-01
   3.2787021e-01
   2.9849231e-01
   2.7309883e-01
   2.4968128e-01
   2.2691658e-01
   2.0385326e-01
   1.7979211e-01
   1.5424785e-01
   1.2693651e-01
   9.7757457e-02
   6.6759952e-02
   3.4100282e-02
   3.4351831e-02
   6.7233056e-02
   9.8386850e-02
   1.2761515e-01
   1.5482588e-01
   1.8008615e-01
   2.0366203e-01
   2.2602614e-01
   2.4783936e-01
   2.6993384e-01
   2.9331882e-01
   3.1919849e-01
   3.4887183e-01
   3.8286378e-01
   4.1626120e-01
   4.1626120e-01
   3.8286378e-01
   3.4887183e-01
   3.1919849e-01
   2.9331882e-01
   2.6993384e-01
   2.4783936e-01
   2.2602614e-01
   2.0366203e-01
   1.8008615e-01
   1.5482588e-01
   1.2761515e-01
   9.8386850e-02
   6.7233056e-02
   3.4351832e-02
   3.4884926e-02
   6.8244531e-02
   9.9752675e-02
   1.2912231e-01
   1.5616532e-01
   1.8087552e-01
   2.0349352e-01
   2.2449751e-01
   2.4452713e-01
   2.6428929e-01
   2.8446159e-01
   3.0554405e-01
   3.2750521e-01
   3.4887183e-01
   3.6473077e-01
   3.6473077e-01
   3.4887183e-01
   3.2750521e-01
   3.0554405e-01
   2.8446159e-01
   2.6428929e-01
   2.4452713e-01
   2.2449751e-01
   2.0349352e-01
   1.8087552e-01
   1.5616532e-01
   1.2912231e-01
   9.9752675e-02
   6.8244531e-02
   3.4884926e-02
   3.5754283e-02
   6.9918406e-02
   1.0206795e-01
   1.3176702e-01
   1.5864850e-01
   1.8256803e-01
   2.0374997e-01
   2.2275420e-01
   2.4029329e-01
   2.5704553e-01
   2.7350514e-01
   2.8982186e-01
   3.0554405e-01
   3.1919849e-01
   3.2787021e-01
   3.2787021e-01
   3.1919849e-01
   3.0554405e-01
   2.8982186e-01
   2.7350514e-01
   2.5704553e-01
   2.4029329e-01
   2.2275420e-01
   2.0374997e-01
   1.8256803e-01
   1.5864850e-01
   1.3176702e-01
   1.0206795e-01
   6.9918406e-02
   3.5754283e-02
   3.7024738e-02
   7.2417798e-02
   1.0564464e-01
   1.3604027e-01
   1.6290458e-01
   1.8580906e-01
   2.0499506e-01
   2.2128697e-01
   2.3565723e-01
   2.4890535e-01
   2.6150251e-01
   2.7350514e-01
   2.8446159e-01
   2.9331882e-01
   2.9849231e-01
   2.9849231e-01
   2.9331882e-01
   2.8446159e-01
   2.7350514e-01
   2.6150251e-01
   2.4890535e-01
   2.3565723e-01
   2.2128697e-01
   2.0499506e-01
   1.8580906e-01
   1.6290458e-01
   1.3604027e-01
   1.0564464e-01
   7.2417798e-02
   3.7024738e-02
   3.8737813e-02
   7.5894348e-02
   1.1086349e-01
   1.4265577e-01
   1.6993144e-01
   1.9157952e-01
   2.0794518e-01
   2.2055233e-01
   2.3095425e-01
   2.4022707e-01
   2.4890535e-01
   2.5704553e-01
   2.6428929e-01
   2.6993384e-01
   2.7309883e-01
   2.7309883e-01
   2.6993384e-01
   2.6428929e-01
   2.5704553e-01
   2.4890535e-01
   2.4022707e-01
   2.3095425e-01
   2.2055233e-01
   2.0794518e-01
   1.9157952e-01
   1.6993144e-01
   1.4265577e-01
   1.1086349e-01
   7.5894348e-02
   3.8737813e-02
   4.0843105e-02
   8.0369234e-02
   1.1807013e-01
   1.5259881e-01
   1.8139681e-01
   2.0144334e-01
   2.1346475e-01
   2.2083386e-01
   2.2619132e-01
   2.3095425e-01
   2.3565723e-01
   2.4029329e-01
   2.4452713e-01
   2.4783936e-01
   2.4968128e-01
   2.4968128e-01
   2.4783936e-01
   2.4452713e-01
   2.4029329e-01
   2.3565723e-01
   2.3095425e-01
   2.2619132e-01
   2.2083386e-01
   2.1346475e-01
   2.0144334e-01
   1.8139681e-01
   1.5259881e-01
   1.1807013e-01
   8.0369234e-02
   4.0843105e-02
   4.3076312e-02
   8.5480287e-02
   1.2725994e-01
   1.6708346e-01
   2.0042461e-01
   2.1814323e-01
   2.2244756e-01
   2.2193797e-01
   2.2083386e-01
   2.2055233e-01
   2.2128697e-01
   2.2275420e-01
   2.2449751e-01
   2.2602614e-01
   2.2691658e-01
   2.2691658e-01
   2.2602614e-01
   2.2449751e-01
   2.2275420e-01
   2.2128697e-01
   2.2055233e-01
   2.2083386e-01
   2.2193797e-01
   2.2244756e-01
   2.1814323e-01
   2.0042461e-01
   1.6708347e-01
   1.2725994e-01
   8.5480288e-02
   4.3076312e-02
   4.4792794e-02
   9.0026602e-02
   1.3721682e-01
   1.8686144e-01
   2.3388586e-01
   2.4706834e-01
   2.3505521e-01
   2.2244756e-01
   2.1346475e-01
   2.0794518e-01
   2.0499506e-01
   2.0374997e-01
   2.0349352e-01
   2.0366203e-01
   2.0385326e-01
   2.0385326e-01
   2.0366203e-01
   2.0349352e-01
   2.0374997e-01
   2.0499506e-01
   2.0794518e-01
   2.1346475e-01
   2.2244756e-01
   2.3505521e-01
   2.4706834e-01
   2.3388586e-01
   1.8686144e-01
   1.3721682e-01
   9.0026602e-02
   4.4792794e-02
   4.4879203e-02
   9.1427448e-02
   1.4353023e-01
   2.0807056e-01
   3.0000000e-01
   3.0000000e-01
   2.4706834e-01
   2.1814323e-01
   2.0144334e-01
   1.9157952e-01
   1.8580906e-01
   1.8256803e-01
   1.8087552e-01
   1.8008615e-01
   1.7979211e-01
   1.7979211e-01
   1.8008615e-01
   1.8087552e-01
   1.8256803e-01
   1.8580906e-01
   1.9157952e-01
   2.0144334e-01
   2.1814323e-01
   2.4706834e-01
   3.0000000e-01
   3.0000000e-01
   2.0807056e-01
   1.4353023e-01
   9.1427448e-02
   4.4879203e-02
   4.2107507e-02
   8.6084699e-02
   1.3621703e-01
   2.0070149e-01
   3.0000000e-01
   3.0000000e-01
   2.3388586e-01
   2.0042461e-01
   1.8139681e-01
   1.6993144e-01
   1.6290458e-01
   1.5864850e-01
   1.5616532e-01
   1.5482588e-01
   1.5424785e-01
   1.5424785e-01
   1.5482588e-01
   1.5616532e-01
   1.5864850e-01
   1.6290458e-01
   1.6993144e-01
   1.8139681e-01
   2.0042461e-01
   2.3388586e-01
   3.0000000e-01
   3.0000000e-01
   2.0070149e-01
   1.3621703e-01
   8.6084699e-02
   4.2107507e-02
   3.6277067e-02
   7.3397752e-02
   1.1336263e-01
   1.5732933e-01
   2.0070149e-01
   2.0807056e-01
   1.8686144e-01
   1.6708346e-01
   1.5259881e-01
   1.4265577e-01
   1.3604027e-01
   1.3176702e-01
   1.2912231e-01
   1.2761515e-01
   1.2693651e-01
   1.2693651e-01
   1.2761515e-01
   1.2912231e-01
   1.3176702e-01
   1.3604027e-01
   1.4265577e-01
   1.5259881e-01
   1.6708347e-01
   1.8686144e-01
   2.0807056e-01
   2.0070149e-01
   1.5732933e-01
   1.1336263e-01
   7.3397753e-02
   3.6277067e-02
   2.8413947e-02
   5.6677553e-02
   8.5317358e-02
   1.1336263e-01
   1.3621703e-01
   1.4353023e-01
   1.3721682e-01
   1.2725994e-01
   1.1807013e-01
   1.1086349e-01
   1.0564464e-01
   1.0206795e-01
   9.9752675e-02
   9.8386850e-02
   9.7757457e-02
   9.7757457e-02
   9.8386850e-02
   9.9752675e-02
   1.0206795e-01
   1.0564464e-01
   1.1086349e-01
   1.1807013e-01
   1.2725994e-01
   1.3721682e-01
   1.4353023e-01
   1.3621703e-01
   1.1336263e-01
   8.5317358e-02
   5.6677554e-02
   2.8413947e-02
   1.9512104e-02
   3.8392094e-02
   5.6677553e-02
   7.3397752e-02
   8.6084699e-02
   9.1427448e-02
   9.0026602e-02
   8.5480287e-02
   8.0369234e-02
   7.5894348e-02
   7.2417798e-02
   6.9918406e-02
   6.8244531e-02
   6.7233056e-02
   6.6759952e-02
   6.6759952e-02
   6.7233056e-02
   6.8244531e-02
   6.9918406e-02
   7.2417798e-02
   7.5894348e-02
   8.0369234e-02
   8.5480288e-02
   9.0026602e-02
   9.1427448e-02
   8.6084699e-02
   7.3397753e-02
   5.6677554e-02
   3.8392095e-02
   1.9512105e-02
   1.0053317e-02
   1.9512104e-02
   2.8413947e-02
   3.6277067e-02
   4.2107507e-02
   4.4879203e-02
   4.4792794e-02
   4.3076312e-02
   4.0843105e-02
   3.8737813e-02
   3.7024738e-02
   3.5754283e-02
   3.4884926e-02
   3.4351831e-02
   3.4100282e-02
   3.4100282e-02
   3.4351832e-02
   3.4884926e-02
   3.5754283e-02
   3.7024738e-02
   3.8737813e-02
   4.0843105e-02
   4.3076312e-02
   4.4792794e-02
   4.4879203e-02
   4.2107507e-02
   3.6277067e-02
   2.8413947e-02
   1.9512105e-02
   1.0053318e-02
